METHANESAT,2024-043D,2026-10-07T22:08:50.429760,14.98517524,.00100014,97.8615,52.6593,5.1996,354.9329,0,U,59101,999,14153,.18261981E-3,.2126E-4,0
GOSAT-GW (IBUKI GW),2025-141A,2026-10-08T07:16:40.076832,14.67552248,.00014228,98.0629,216.8012,84.1273,276.0094,0,U,64694,999,6843,.95081522E-4,.491E-5,0
STARLINK-34497,2025-142A,2026-10-08T00:28:53.153760,15.30399338,.00026906,70.0011,134.8057,270.5960,89.4908,0,U,64696,999,7155,.10570657E-2,.31163E-3,0
STARLINK-34584,2025-142B,2026-10-08T00:32:41.013024,15.30414724,.00031341,70.0010,134.4110,270.6150,89.4667,0,U,64697,999,7140,-.17041692E-3,-.5152E-4,0
GHGSAT-C1,2020-061G,2026-10-08T06:08:46.906080,15.89978188,.00034442,97.2019,11.1036,229.0560,131.0416,0,U,46278,999,34130,.6872775E-3,.203557E-2,.17004813E-4
NAPA-1,2020-061BA,2026-10-07T19:14:17.329344,15.92916381,.00030534,97.2286,0.2450,223.4776,136.6258,0,U,46320,999,33949,.69093564E-3,.237882E-2,.23323415E-4
STARLINK-1762,2020-062T,2026-10-07T19:14:58.677792,15.50410594,.00031766,53.1492,91.2681,192.4705,167.6226,0,U,46342,999,33707,.10099506E-2,.58389E-3,0
GHGSAT-C12,2025-135B,2026-10-08T07:15:22.169952,15.20930357,.00059686,97.4847,35.2200,128.4133,231.7640,0,U,64529,999,7201,.16676859E-3,.3622E-4,0
DUTHSAT-2,2025-135C,2026-10-07T21:17:17.915424,15.29400220,.00054845,97.4715,37.0170,142.9723,217.1896,0,U,64530,999,7214,.40133961E-3,.11376E-3,0
TRANSPORTER-14 OBJECT D,2025-135D,2026-10-08T06:42:48.571776,15.28293822,.00052608,97.4817,37.6895,122.3011,237.8738,0,U,64531,999,7218,.3157848E-3,.8632E-4,0
GHGSAT-C13,2025-135W,2026-10-08T07:02:03.495264,15.22171381,.00024363,97.4879,36.0052,86.8400,273.3115,0,U,64548,999,7205,.17279475E-3,.3894E-4,0
ROADS 2,2025-135X,2026-10-07T21:16:43.867776,15.25020942,.00027014,97.4888,36.9170,82.4625,277.6919,0,U,64549,999,7208,.18154812E-3,.446E-4,0
BRO-18,2025-135Y,2026-10-08T07:21:25.420608,15.22699757,.00015347,97.4726,35.5724,134.3395,225.7968,0,U,64550,999,7208,.1203723E-3,.2734E-4,0
GHGSAT-C2,2021-006DA,2026-10-08T01:39:41.994720,15.38907373,.00066411,97.2029,326.4140,113.6034,246.5910,0,U,47509,999,31720,.11062257E-3,.4179E-4,0
YAOGAN-31 02A,2021-007A,2026-10-08T07:33:41.178816,13.45454796,.01860265,63.4025,212.3687,0.9344,359.1994,0,U,47532,999,27945,-.7871774E-5,-.95E-6,0
YAOGAN-31 02B,2021-007B,2026-10-08T07:33:41.735232,13.45454990,.01864761,63.4020,211.3687,1.0574,359.0810,0,U,47533,999,27945,-.59804707E-4,-.13E-5,0
GHGSAT-C3,2022-057F,2026-10-08T08:13:48.938592,15.35571027,.00071112,97.6747,71.4641,83.0026,277.2026,0,U,52737,999,24289,.15721623E-3,.5352E-4,0
GHGSAT-C5,2022-057N,2026-10-08T06:04:47.506368,15.35543279,.00077938,97.6831,73.0722,80.7091,279.5033,0,U,52744,999,24288,.15953662E-3,.5428E-4,0
GHGSAT-C4,2022-057Q,2026-10-08T07:10:52.535424,15.35557351,.00071908,97.6675,70.1351,69.1157,291.0855,0,U,52746,999,24289,.15828217E-3,.5387E-4,0
GHGSAT-C4,2022-057Q,2026-10-08T07:10:52.535424,15.35557351,.00071908,97.6675,70.1351,69.1157,291.0855,0,U,52746,999,24289,.15828217E-3,.5387E-4,0
HAWK-5C,2022-057Y,2026-10-07T23:32:24.287424,15.55009476,.000394,97.6682,88.3303,34.0965,326.0541,0,U,52754,999,24385,.22464661E-3,.14969E-3,0
HAWK-5B,2022-057AA,2026-10-07T23:32:10.851360,15.55015004,.00045406,97.6700,86.7001,25.5467,334.6009,0,U,52756,999,24385,.21535329E-3,.14349E-3,0
GHGSAT-C5,2022-057N,2026-10-08T06:04:47.506368,15.35543279,.00077938,97.6831,73.0722,80.7091,279.5033,0,U,52744,999,24288,.15953662E-3,.5428E-4,0
GHGSAT-C4,2022-057Q,2026-10-08T07:10:52.535424,15.35557351,.00071908,97.6675,70.1351,69.1157,291.0855,0,U,52746,999,24289,.15828217E-3,.5387E-4,0
HAWK-5C,2022-057Y,2026-10-07T23:32:24.287424,15.55009476,.000394,97.6682,88.3303,34.0965,326.0541,0,U,52754,999,24385,.22464661E-3,.14969E-3,0
GHGSAT-C6,2023-054AC,2026-10-08T07:00:01.465632,15.56063227,.00050813,97.2961,193.4078,8.1091,352.0245,0,U,56204,999,19602,.22187919E-3,.1538E-3,0
GHGSAT-C7,2023-054AH,2026-10-08T05:35:58.714080,15.51995726,.00068032,97.2899,191.1350,10.0531,350.0857,0,U,56209,999,19591,.17186153E-3,.10249E-3,0
AAC-HSI-SAT1,2023-054AZ,2026-10-08T06:40:03.050976,15.12864079,.0011495,97.3491,153.6625,92.8370,267.4178,0,U,56225,999,19246,.77468005E-4,.1301E-4,0
GHGSAT-C7,2023-054AH,2026-10-08T05:35:58.714080,15.51995726,.00068032,97.2899,191.1350,10.0531,350.0857,0,U,56209,999,19591,.17186153E-3,.10249E-3,0
AAC-HSI-SAT1,2023-054AZ,2026-10-08T06:40:03.050976,15.12864079,.0011495,97.3491,153.6625,92.8370,267.4178,0,U,56225,999,19246,.77468005E-4,.1301E-4,0
FENGYUN 3G,2023-055A,2026-09-29T06:18:58.791744,15.54217677,.00109547,49.9916,169.2876,97.6393,262.5820,0,U,56232,999,19618,.25793266E-3,.16751E-3,0
GHGSAT-C8,2023-054J,2026-10-08T04:42:01.526400,15.56056814,.00048646,97.2894,192.5341,41.5847,318.5778,0,U,56186,999,19599,.20334954E-3,.14081E-3,0
HAWK-7A,2023-054P,2026-10-08T03:36:46.835712,15.28351552,.00033569,97.2515,165.5797,30.0058,330.1374,0,U,56191,999,19427,.14007366E-3,.3795E-4,0
ION SCV-010,2023-054Q,2026-10-08T02:43:20.118720,15.28647334,.00131558,97.3602,169.2354,127.6727,232.5708,0,U,56192,999,19343,.12711481E-3,.3474E-4,0
SENTINEL-5P,2017-064A,2026-10-07T20:06:31.549824,14.19534530,.00009533,98.8021,222.2058,77.8485,282.2798,0,U,42969,999,46554,.27858672E-4,.14E-6,0
KOREASAT 5A,2017-067A,2026-10-08T02:37:38.673696,1.00271005,.00013691,0.0274,270.9314,335.8316,282.5667,0,U,42984,999,3266,0,-.373E-5,0
COSMOS 2523,2017-037E,2026-10-08T06:29:45.899232,14.95731746,.00653326,97.5013,289.5639,208.8238,150.9369,0,U,42986,999,48586,.36353753E-4,.363E-5,0
ENMAP,2022-033C,2026-10-08T06:04:44.961888,14.74996756,.00015422,97.9793,1.8738,81.6043,278.5340,0,U,52159,999,24332,.1871544E-4,.76E-6,0
ARCSAT-1,2022-033E,2026-10-08T01:38:29.233824,15.56247731,.00057954,97.2739,15.2142,130.8356,229.3402,0,U,52161,999,25324,.169127E-3,.11777E-3,0
NUSAT-26 (M SOMERVILLE),2022-033AD,2026-10-08T06:08:16.763712,15.46071132,.00054788,97.2267,359.7094,178.3217,181.8052,0,U,52184,999,12215,.2929648E-3,.14252E-3,0
PRISMA,2019-015A,2026-10-08T05:46:53.506848,14.83686486,.00014632,97.8705,354.3847,89.2585,270.8796,0,U,44072,999,40881,.10846572E-3,.843E-5,0
TIANLIAN 2-01,2019-017A,2026-10-08T02:41:00.935232,1.00271516,.0003754,0.8255,82.2412,141.5671,270.2201,0,U,44076,999,2778,0,-.121E-5,0
EMISAT,2019-018A,2026-10-08T07:48:15.882048,14.43674624,.00173378,98.4531,339.4270,234.9740,124.9824,0,U,44078,999,39638,.68810206E-4,.19E-5,0
SENTINEL-2A,2015-028A,2026-10-08T06:59:52.040256,14.30819681,.00010496,98.5653,354.4933,89.1787,270.9516,0,U,40697,999,58990,-.26942974E-4,-.114E-5,0
COSMOS 2506,2015-029A,2026-10-08T08:12:27.388224,14.54415315,.00076311,98.0367,317.8243,154.2895,205.8684,0,U,40699,999,59933,.40720983E-4,.13E-5,0
GAOFEN-8,2015-030A,2026-10-08T06:49:21.982944,15.49737537,.00089457,97.6815,121.7546,136.5581,223.6375,0,U,40701,999,62894,.12938308E-3,.709E-4,0
SENTINEL-2B,2017-013A,2026-10-08T06:49:34.598208,14.30818019,.00011226,98.5697,354.4337,88.9071,271.2241,0,U,42063,999,50081,-.46199696E-4,-.165E-5,0
ECHOSTAR 23,2017-014A,2026-10-07T15:31:58.526688,1.00269176,.00019257,0.0221,187.5594,359.5341,312.2938,0,U,42070,999,3505,0,0,0
WGS F9 (USA 275),2017-016A,2026-10-07T07:07:38.883648,1.00269520,.00002987,0.0202,197.6862,55.7278,217.4415,0,U,42075,999,3502,0,0,0
SENTINEL-2C,2024-157A,2026-10-08T04:18:33.914016,14.30817898,.00011101,98.5700,354.3370,81.9634,278.1675,0,U,60989,999,10914,.36423653E-4,.52E-6,0
STARLINK-11289 [DTC],2024-158B,2026-10-08T01:35:03.695136,15.69705903,.00009858,53.1582,314.1138,105.3578,254.7549,0,U,60991,999,12095,.17839187E-4,.1573E-4,0
STARLINK-11282 [DTC],2024-158C,2026-10-07T12:11:05.365536,15.69699082,.00008424,53.1573,317.0377,123.8424,236.2674,0,U,60992,999,12086,.20832873E-4,.1935E-4,0
LANDSAT 8,2013-008A,2026-10-08T06:16:22.524384,14.57109642,.00012983,98.2192,349.9854,94.7561,265.3786,0,U,39084,999,71436,.48070577E-4,.171E-5,0
SARAL,2013-009A,2026-10-08T07:16:27.368256,14.32911034,.00013562,98.5553,106.4614,352.6198,7.4965,0,U,39086,999,71180,.31082809E-4,.41E-6,0
SAPPHIRE,2013-009C,2026-10-08T07:23:42.549504,14.35264269,.00100268,98.4313,98.1304,272.6619,87.3419,0,U,39088,999,71280,.30696539E-4,.45E-6,0
LANDSAT 9,2021-088A,2026-10-08T03:48:08.340768,14.57108263,.00013809,98.2172,349.9008,88.4462,271.6895,0,U,49260,999,26745,.49224389E-4,.176E-5,0
CS1,2021-088B,2026-10-08T03:53:23.958240,15.37496788,.00118129,97.3643,344.5964,41.7322,318.4821,0,U,49261,999,27776,.29534702E-3,.10807E-3,0
CS2,2021-088C,2026-10-08T02:38:30.823872,15.39410532,.00095122,97.3701,347.3722,45.5600,314.6422,0,U,49262,999,27787,.32988501E-3,.12852E-3,0
TANAGER-1,2024-149AR,2026-10-08T01:15:31.388832,15.44147672,.00001934,97.2286,14.6540,99.5231,260.6040,0,U,60507,999,12045,.27905054E-3,.127E-3,0
FLOCK 4BE-29,2024-149AT,2026-10-07T18:50:31.319808,15.49937684,.00011276,97.3757,8.8099,259.8399,100.2725,0,U,60509,999,11982,.74730889E-3,.41854E-3,0
TRANSPORTER-11 OBJECT AU,2024-149AU,2026-10-07T19:12:18.564768,15.43103555,.00025758,97.3673,5.6135,221.1652,138.9402,0,U,60510,999,11966,.28128094E-3,.12357E-3,0
